html,body{width:100%;height:100%;margin:0px;}
.gwd-page-container{position:relative;width:100%;height:100%;}
.gwd-page-content{background-color:transparent;-webkit-transform:perspective(1400px) matrix3d(1, 0, 0, 0, 0, 1, 0, 0, 0, 0, 1, 0, 0, 0, 0, 1);-moz-transform:perspective(1400px) matrix3d(1, 0, 0, 0, 0, 1, 0, 0, 0, 0, 1, 0, 0, 0, 0, 1);transform:perspective(1400px) matrix3d(1, 0, 0, 0, 0, 1, 0, 0, 0, 0, 1, 0, 0, 0, 0, 1);-webkit-transform-style:preserve-3d;-moz-transform-style:preserve-3d;transform-style:preserve-3d;position:absolute;}
.gwd-page-wrapper{position:absolute;-webkit-transform:translateZ(0px);-moz-transform:translateZ(0px);transform:translateZ(0px);background-color:#efefef;}
.gwd-page-size{width:1200px;height:200px;}
.gwd-div-97h7{position:absolute;font-family:'Times New Roman';text-align:left;background-image:none;left:472.207865168539px;top:0.3333333333333428px;}
.gwd-span-01z1{font-family:Roboto;font-weight:normal;color:#4c4c4c;font-size:50px;-webkit-transform:matrix3d(1, 0, 0, 0, 0, 1, 0, 0, 0, 0, 1, 0, 0, 0, 0, 1);-moz-transform:matrix3d(1, 0, 0, 0, 0, 1, 0, 0, 0, 0, 1, 0, 0, 0, 0, 1);transform:matrix3d(1, 0, 0, 0, 0, 1, 0, 0, 0, 0, 1, 0, 0, 0, 0, 1);-webkit-transform-style:preserve-3d;-moz-transform-style:preserve-3d;transform-style:preserve-3d;}
.gwd-img-x24u{position:absolute;-webkit-transform-style:preserve-3d;-moz-transform-style:preserve-3d;transform-style:preserve-3d;top:0.33333333333337123px;left:45px;width:259px;height:200px;-webkit-transform:matrix3d(0.7575649844, 0, -0.6527597525, 0, 0.0170872583, 0.999657325, 0.0198307394, 0, 0.652536068, -0.0261769483, 0.7573053858, 0, 0, 0, 0, 1);-moz-transform:matrix3d(0.7575649844, 0, -0.6527597525, 0, 0.0170872583, 0.999657325, 0.0198307394, 0, 0.652536068, -0.0261769483, 0.7573053858, 0, 0, 0, 0, 1);transform:matrix3d(0.7575649844, 0, -0.6527597525, 0, 0.0170872583, 0.999657325, 0.0198307394, 0, 0.652536068, -0.0261769483, 0.7573053858, 0, 0, 0, 0, 1);}
.gwd-img-p1n4{position:absolute;width:188px;height:52px;border-top-left-radius:10px;border-top-right-radius:10px;border-bottom-right-radius:10px;border-bottom-left-radius:10px;left:307px;top:148.66666666666765px;}
.gwd-h1-2cl3{-webkit-transform-style:preserve-3d;-moz-transform-style:preserve-3d;transform-style:preserve-3d;-webkit-transform:matrix3d(1, 0, 0, 0, 0, 1, 0, 0, 0, 0, 1, 0, 0, 0, 0, 1);-moz-transform:matrix3d(1, 0, 0, 0, 0, 1, 0, 0, 0, 0, 1, 0, 0, 0, 0, 1);transform:matrix3d(1, 0, 0, 0, 0, 1, 0, 0, 0, 0, 1, 0, 0, 0, 0, 1);}
.gwd-img-nxdq{position:absolute;-webkit-transform:matrix3d(1, 0, 0, 0, 0, 1, 0, 0, 0, 0, 1, 0, 0, 0, 0, 1);-moz-transform:matrix3d(1, 0, 0, 0, 0, 1, 0, 0, 0, 0, 1, 0, 0, 0, 0, 1);transform:matrix3d(1, 0, 0, 0, 0, 1, 0, 0, 0, 0, 1, 0, 0, 0, 0, 1);-webkit-transform-style:preserve-3d;-moz-transform-style:preserve-3d;transform-style:preserve-3d;top:124.5px;left:599.75px;width:118px;height:49px;opacity:0;}
.gwd-img-1l3s{position:absolute;-webkit-transform-style:preserve-3d;-moz-transform-style:preserve-3d;transform-style:preserve-3d;top:120.25px;left:774.5px;width:118px;height:57px;-webkit-transform:matrix3d(1, 0, 0, 0, 0, 1, 0, 0, 0, 0, 1, 0, 0, 0, 0, 1);-moz-transform:matrix3d(1, 0, 0, 0, 0, 1, 0, 0, 0, 0, 1, 0, 0, 0, 0, 1);transform:matrix3d(1, 0, 0, 0, 0, 1, 0, 0, 0, 0, 1, 0, 0, 0, 0, 1);opacity:0;}
.gwd-img-dfwb{position:absolute;-webkit-transform-style:preserve-3d;-moz-transform-style:preserve-3d;transform-style:preserve-3d;top:205.5000000000001px;left:951.250000000001px;width:75px;height:75px;-webkit-transform:matrix3d(1, 0, 0, 0, 0, 1, 0, 0, 0, 0, 1, 0, -0.5, -96.5, 0, 1);-moz-transform:matrix3d(1, 0, 0, 0, 0, 1, 0, 0, 0, 0, 1, 0, -0.5, -96.5, 0, 1);transform:matrix3d(1, 0, 0, 0, 0, 1, 0, 0, 0, 0, 1, 0, -0.5, -96.5, 0, 1);opacity:0;}
.gwd-gen-57hf .gwd-gen-de67gwdanimation{-webkit-animation:gwd-gen-de67gwdanimation_gwd-keyframes 0s linear 0s 1 forwards;-moz-animation:gwd-gen-de67gwdanimation_gwd-keyframes 0s linear 0s 1 forwards;animation:gwd-gen-de67gwdanimation_gwd-keyframes 0s linear 0s 1 forwards;}
.gwd-gen-57hf .gwd-gen-8un0gwdanimation{-webkit-animation:gwd-gen-8un0gwdanimation_gwd-keyframes 2.5s linear 0s 1 forwards;-moz-animation:gwd-gen-8un0gwdanimation_gwd-keyframes 2.5s linear 0s 1 forwards;animation:gwd-gen-8un0gwdanimation_gwd-keyframes 2.5s linear 0s 1 forwards;}
.gwd-gen-57hf .gwd-gen-4q6ogwdanimation{-webkit-animation:gwd-gen-4q6ogwdanimation_gwd-keyframes 2.1s linear 0s 1 forwards;-moz-animation:gwd-gen-4q6ogwdanimation_gwd-keyframes 2.1s linear 0s 1 forwards;animation:gwd-gen-4q6ogwdanimation_gwd-keyframes 2.1s linear 0s 1 forwards;}
.gwd-gen-57hf .gwd-gen-y66tgwdanimation{-webkit-animation:gwd-gen-y66tgwdanimation_gwd-keyframes 1.7s linear 0s 1 forwards;-moz-animation:gwd-gen-y66tgwdanimation_gwd-keyframes 1.7s linear 0s 1 forwards;animation:gwd-gen-y66tgwdanimation_gwd-keyframes 1.7s linear 0s 1 forwards;}
.gwd-gen-57hf .gwd-gen-troggwdanimation{-webkit-animation:gwd-gen-troggwdanimation_gwd-keyframes 1.6s linear 0s 1 forwards;-moz-animation:gwd-gen-troggwdanimation_gwd-keyframes 1.6s linear 0s 1 forwards;animation:gwd-gen-troggwdanimation_gwd-keyframes 1.6s linear 0s 1 forwards;}
@-webkit-keyframes gwd-gen-troggwdanimation_gwd-keyframes{0%{-webkit-transform:matrix3d(0.9205048535, 0, -0.3907311285, 0, 0.0170434524, 0.9990482216, 0.0401518578, 0, 0.390359239, -0.0436193874, 0.9196287368, 0, 0, 0, 0, 1);-webkit-animation-timing-function:linear;} 100%{-webkit-transform:matrix3d(1, 0, 0, 0, 0, 1, 0, 0, 0, 0, 1, 0, 0, 0, 0, 1);-webkit-animation-timing-function:linear;}}@-moz-keyframes gwd-gen-troggwdanimation_gwd-keyframes{0%{-moz-transform:matrix3d(0.9205048535, 0, -0.3907311285, 0, 0.0170434524, 0.9990482216, 0.0401518578, 0, 0.390359239, -0.0436193874, 0.9196287368, 0, 0, 0, 0, 1);-moz-animation-timing-function:linear;} 100%{-moz-transform:matrix3d(1, 0, 0, 0, 0, 1, 0, 0, 0, 0, 1, 0, 0, 0, 0, 1);-moz-animation-timing-function:linear;}}@keyframes gwd-gen-troggwdanimation_gwd-keyframes{0%{transform:matrix3d(0.9205048535, 0, -0.3907311285, 0, 0.0170434524, 0.9990482216, 0.0401518578, 0, 0.390359239, -0.0436193874, 0.9196287368, 0, 0, 0, 0, 1);animation-timing-function:linear;} 100%{transform:matrix3d(1, 0, 0, 0, 0, 1, 0, 0, 0, 0, 1, 0, 0, 0, 0, 1);animation-timing-function:linear;}}@-webkit-keyframes gwd-gen-de67gwdanimation_gwd-keyframes{0%{top:0.33333333333337123px;left:45px;width:259px;height:200px;-webkit-transform:matrix3d(1, 0, 0, 0, 0, 1, 0, 0, 0, 0, 1, 0, 0, 0, 0, 1);-webkit-animation-timing-function:ease-in;} 100%{top:0.33333333333337123px;left:45px;width:259px;height:200px;-webkit-transform:matrix3d(0.7575649844, 0, -0.6527597525, 0, 0.0170872583, 0.999657325, 0.0198307394, 0, 0.652536068, -0.0261769483, 0.7573053858, 0, 0, 0, 0, 1);-webkit-animation-timing-function:linear;}}@-moz-keyframes gwd-gen-de67gwdanimation_gwd-keyframes{0%{top:0.33333333333337123px;left:45px;width:259px;height:200px;-moz-transform:matrix3d(1, 0, 0, 0, 0, 1, 0, 0, 0, 0, 1, 0, 0, 0, 0, 1);-moz-animation-timing-function:ease-in;} 100%{top:0.33333333333337123px;left:45px;width:259px;height:200px;-moz-transform:matrix3d(0.7575649844, 0, -0.6527597525, 0, 0.0170872583, 0.999657325, 0.0198307394, 0, 0.652536068, -0.0261769483, 0.7573053858, 0, 0, 0, 0, 1);-moz-animation-timing-function:linear;}}@keyframes gwd-gen-de67gwdanimation_gwd-keyframes{0%{top:0.33333333333337123px;left:45px;width:259px;height:200px;transform:matrix3d(1, 0, 0, 0, 0, 1, 0, 0, 0, 0, 1, 0, 0, 0, 0, 1);animation-timing-function:ease-in;} 100%{top:0.33333333333337123px;left:45px;width:259px;height:200px;transform:matrix3d(0.7575649844, 0, -0.6527597525, 0, 0.0170872583, 0.999657325, 0.0198307394, 0, 0.652536068, -0.0261769483, 0.7573053858, 0, 0, 0, 0, 1);animation-timing-function:linear;}}@-webkit-keyframes gwd-gen-y66tgwdanimation_gwd-keyframes{0%{top:205.5000000000001px;left:951.250000000001px;width:75px;height:75px;-webkit-transform:matrix3d(1, 0, 0, 0, 0, 1, 0, 0, 0, 0, 1, 0, -0.5, -96.5, 0, 1);opacity:0;-webkit-animation-timing-function:linear;} 100%{top:205.5000000000001px;left:951.250000000001px;width:75px;height:75px;-webkit-transform:matrix3d(1, 0, 0, 0, 0, 1, 0, 0, 0, 0, 1, 0, -0.5, -96.5, 0, 1);opacity:1;-webkit-animation-timing-function:linear;}}@-moz-keyframes gwd-gen-y66tgwdanimation_gwd-keyframes{0%{top:205.5000000000001px;left:951.250000000001px;width:75px;height:75px;-moz-transform:matrix3d(1, 0, 0, 0, 0, 1, 0, 0, 0, 0, 1, 0, -0.5, -96.5, 0, 1);opacity:0;-moz-animation-timing-function:linear;} 100%{top:205.5000000000001px;left:951.250000000001px;width:75px;height:75px;-moz-transform:matrix3d(1, 0, 0, 0, 0, 1, 0, 0, 0, 0, 1, 0, -0.5, -96.5, 0, 1);opacity:1;-moz-animation-timing-function:linear;}}@keyframes gwd-gen-y66tgwdanimation_gwd-keyframes{0%{top:205.5000000000001px;left:951.250000000001px;width:75px;height:75px;transform:matrix3d(1, 0, 0, 0, 0, 1, 0, 0, 0, 0, 1, 0, -0.5, -96.5, 0, 1);opacity:0;animation-timing-function:linear;} 100%{top:205.5000000000001px;left:951.250000000001px;width:75px;height:75px;transform:matrix3d(1, 0, 0, 0, 0, 1, 0, 0, 0, 0, 1, 0, -0.5, -96.5, 0, 1);opacity:1;animation-timing-function:linear;}}@-webkit-keyframes gwd-gen-4q6ogwdanimation_gwd-keyframes{0%{top:120.25px;left:774.5px;width:118px;height:57px;-webkit-transform:matrix3d(1, 0, 0, 0, 0, 1, 0, 0, 0, 0, 1, 0, 0, 0, 0, 1);opacity:0;-webkit-animation-timing-function:linear;} 100%{top:120.25px;left:774.5px;width:118px;height:57px;-webkit-transform:matrix3d(1, 0, 0, 0, 0, 1, 0, 0, 0, 0, 1, 0, 0, 0, 0, 1);opacity:1;-webkit-animation-timing-function:linear;}}@-moz-keyframes gwd-gen-4q6ogwdanimation_gwd-keyframes{0%{top:120.25px;left:774.5px;width:118px;height:57px;-moz-transform:matrix3d(1, 0, 0, 0, 0, 1, 0, 0, 0, 0, 1, 0, 0, 0, 0, 1);opacity:0;-moz-animation-timing-function:linear;} 100%{top:120.25px;left:774.5px;width:118px;height:57px;-moz-transform:matrix3d(1, 0, 0, 0, 0, 1, 0, 0, 0, 0, 1, 0, 0, 0, 0, 1);opacity:1;-moz-animation-timing-function:linear;}}@keyframes gwd-gen-4q6ogwdanimation_gwd-keyframes{0%{top:120.25px;left:774.5px;width:118px;height:57px;transform:matrix3d(1, 0, 0, 0, 0, 1, 0, 0, 0, 0, 1, 0, 0, 0, 0, 1);opacity:0;animation-timing-function:linear;} 100%{top:120.25px;left:774.5px;width:118px;height:57px;transform:matrix3d(1, 0, 0, 0, 0, 1, 0, 0, 0, 0, 1, 0, 0, 0, 0, 1);opacity:1;animation-timing-function:linear;}}@-webkit-keyframes gwd-gen-8un0gwdanimation_gwd-keyframes{0%{top:124.5px;left:599.75px;width:118px;height:49px;opacity:0;-webkit-animation-timing-function:linear;} 100%{top:124.5px;left:599.75px;width:118px;height:49px;opacity:1;-webkit-animation-timing-function:linear;}}@-moz-keyframes gwd-gen-8un0gwdanimation_gwd-keyframes{0%{top:124.5px;left:599.75px;width:118px;height:49px;opacity:0;-moz-animation-timing-function:linear;} 100%{top:124.5px;left:599.75px;width:118px;height:49px;opacity:1;-moz-animation-timing-function:linear;}}@keyframes gwd-gen-8un0gwdanimation_gwd-keyframes{0%{top:124.5px;left:599.75px;width:118px;height:49px;opacity:0;animation-timing-function:linear;} 100%{top:124.5px;left:599.75px;width:118px;height:49px;opacity:1;animation-timing-function:linear;}}.gwd-gen-de67gwdanimation-gen-animation0keyframe{top:0.33333333333337123px;left:45px;width:259px;height:200px;-webkit-transform:matrix3d(1, 0, 0, 0, 0, 1, 0, 0, 0, 0, 1, 0, 0, 0, 0, 1);-moz-transform:matrix3d(1, 0, 0, 0, 0, 1, 0, 0, 0, 0, 1, 0, 0, 0, 0, 1);transform:matrix3d(1, 0, 0, 0, 0, 1, 0, 0, 0, 0, 1, 0, 0, 0, 0, 1);}
.gwd-gen-8un0gwdanimation-gen-animation0keyframe{top:124.5px;left:599.75px;width:118px;height:49px;opacity:0;}
.gwd-gen-4q6ogwdanimation-gen-animation0keyframe{top:120.25px;left:774.5px;width:118px;height:57px;-webkit-transform:matrix3d(1, 0, 0, 0, 0, 1, 0, 0, 0, 0, 1, 0, 0, 0, 0, 1);-moz-transform:matrix3d(1, 0, 0, 0, 0, 1, 0, 0, 0, 0, 1, 0, 0, 0, 0, 1);transform:matrix3d(1, 0, 0, 0, 0, 1, 0, 0, 0, 0, 1, 0, 0, 0, 0, 1);opacity:0;}
.gwd-gen-y66tgwdanimation-gen-animation0keyframe{top:205.5000000000001px;left:951.250000000001px;width:75px;height:75px;-webkit-transform:matrix3d(1, 0, 0, 0, 0, 1, 0, 0, 0, 0, 1, 0, -0.5, -96.5, 0, 1);-moz-transform:matrix3d(1, 0, 0, 0, 0, 1, 0, 0, 0, 0, 1, 0, -0.5, -96.5, 0, 1);transform:matrix3d(1, 0, 0, 0, 0, 1, 0, 0, 0, 0, 1, 0, -0.5, -96.5, 0, 1);opacity:0;}
.gwd-gen-troggwdanimation-gen-animation0keyframe{-webkit-transform:matrix3d(0.9205048535, 0, -0.3907311285, 0, 0.0170434524, 0.9990482216, 0.0401518578, 0, 0.390359239, -0.0436193874, 0.9196287368, 0, 0, 0, 0, 1);-moz-transform:matrix3d(0.9205048535, 0, -0.3907311285, 0, 0.0170434524, 0.9990482216, 0.0401518578, 0, 0.390359239, -0.0436193874, 0.9196287368, 0, 0, 0, 0, 1);transform:matrix3d(0.9205048535, 0, -0.3907311285, 0, 0.0170434524, 0.9990482216, 0.0401518578, 0, 0.390359239, -0.0436193874, 0.9196287368, 0, 0, 0, 0, 1);}